4 4
F D 0 0 4 0 0 E 0 8 0 0 0 C 0 0 
0 9 0 0 0 F 0 0 0 0 0 C 0 0 0 G 
B 0 0 0 0 0 7 0 2 0 D 9 E 0 0 5 
0 5 7 0 0 3 9 C 0 4 F 0 0 0 0 2 
0 0 3 0 7 0 D A 0 0 5 0 4 8 0 E 
0 8 0 0 0 0 E 1 0 2 0 F B D 0 0 
0 C D 4 5 B 0 0 0 0 3 G 0 1 7 0 
E G 0 0 0 0 0 0 7 0 B 0 0 0 3 F 
0 0 0 G B 0 5 0 0 0 0 1 9 A 4 3 
A 0 C 0 0 0 0 0 0 D E 0 2 0 5 0 
0 0 1 0 C 0 4 G 0 0 0 2 0 0 B 0 
5 6 0 0 1 0 0 0 B 0 0 0 0 F 0 0 
0 7 0 0 0 0 1 D 0 0 9 3 0 E 0 0 
D B 0 2 3 9 F 0 0 0 8 4 0 0 0 6 
G E 0 6 0 5 0 4 0 0 0 0 0 B 0 0 
0 3 0 F 0 8 0 2 1 G 0 E 5 4 0 0 
