4 4
8 0 0 0 0 1 0 B 0 0 0 0 7 0 A 0 
0 0 0 9 0 5 0 0 G 0 0 0 4 0 E F 
0 6 0 5 4 E 0 3 0 B 2 0 8 0 0 C 
B C 0 0 0 2 0 9 5 0 0 3 0 0 G 0 
F 3 0 0 0 0 0 6 E 0 0 0 G 0 2 8 
1 0 C D 2 8 E 0 0 G 0 0 0 0 9 0 
0 0 7 0 B 0 3 0 0 0 0 0 0 6 0 0 
0 0 0 4 C 9 0 1 7 0 3 D 0 0 0 0 
3 4 G 0 0 0 0 0 A 9 0 0 0 0 B 0 
0 5 8 F 0 G 0 0 0 0 0 0 0 0 6 2 
C 0 D E 9 0 0 A 3 4 0 0 0 7 0 0 
0 0 B 0 8 D C 4 1 6 0 5 3 E 0 0 
0 0 0 A 0 4 G 8 0 0 0 0 0 1 0 3 
7 0 0 0 F B 2 0 0 E G 9 0 0 5 0 
0 0 0 3 7 0 D 0 B 2 0 0 0 A 0 E 
0 0 0 B 0 0 A 0 0 0 F 0 0 C 7 G 
