4 4
6 0 0 E 0 F 8 0 B 0 9 0 0 3 0 0 
4 3 0 0 0 C 0 G 7 0 F 0 0 0 0 5 
0 0 F A D 0 7 5 0 1 G 0 0 0 0 0 
0 0 5 9 3 0 0 1 0 8 D 6 0 0 F 0 
F G 6 7 B 0 0 0 0 0 5 D 0 8 0 0 
C 0 A 8 0 0 0 0 0 0 3 B 0 0 7 0 
0 0 0 0 8 0 0 3 6 0 4 0 0 9 5 D 
0 0 2 0 4 9 5 0 0 A E F B 0 0 1 
0 0 4 0 F 1 0 B 0 0 0 0 0 D 0 0 
0 0 7 C 0 5 9 D 0 4 0 3 0 0 0 2 
0 0 B 0 6 A 0 7 0 0 0 9 0 0 C E 
A 0 0 D 0 E 0 C 0 0 6 0 0 0 9 0 
5 0 0 0 0 0 0 E F 0 0 G 2 0 0 B 
0 D 0 0 0 0 2 0 9 0 0 C 0 0 3 0 
3 0 0 F 0 0 A 0 D 2 0 4 8 7 0 G 
7 0 0 0 0 0 0 0 8 0 0 0 4 F E 0 
