4 4
4 0 D 1 0 2 6 0 0 0 0 0 0 7 0 0 
0 7 0 0 D 0 0 F G 0 E 0 0 0 0 A 
5 0 0 3 0 0 0 4 0 6 0 0 0 9 1 B 
0 0 G 9 0 0 0 3 D 0 A 1 2 0 C 6 
0 0 0 0 0 0 0 0 0 D 0 0 3 0 0 0 
0 E 5 0 0 9 4 0 0 1 0 0 7 0 B 0 
0 9 8 0 0 0 0 0 B 0 0 7 G F 0 0 
D 0 0 B 0 1 0 0 E 0 0 5 0 4 0 8 
F 0 0 0 0 0 0 C 5 0 3 D 0 0 G 9 
0 0 0 E 0 5 2 9 0 F G 0 0 D 0 0 
0 1 B 0 E 0 F 8 0 0 7 4 C 3 0 0 
3 0 7 A 0 D 0 0 8 9 6 C 0 2 F 0 
B 0 0 0 0 6 C G 0 5 0 0 E 0 4 0 
0 0 3 0 0 0 D 7 0 E 0 A 0 0 5 0 
A 0 0 6 0 0 0 0 0 4 1 B 0 G 0 3 
G 4 1 0 0 E 0 0 3 0 F 0 B 0 0 0 
