4 4
9 A 0 0 0 4 6 B 0 0 0 0 0 7 3 0 
0 E 0 2 G 0 8 0 0 9 3 1 0 C 0 6 
5 7 0 0 0 0 1 3 0 0 C 0 0 0 B 0 
0 6 8 F 0 0 0 0 0 0 A E 0 0 G 0 
0 B 0 G C 6 0 E 7 0 D 9 F 0 5 0 
0 0 1 0 0 0 0 0 0 2 0 8 B G E 0 
A 0 4 E 8 1 0 0 0 0 G F 0 0 6 0 
7 0 0 0 0 3 0 0 0 4 5 0 1 0 A 2 
0 3 0 0 0 0 0 0 0 F 0 2 0 0 0 B 
0 0 2 0 0 0 5 G 8 0 6 3 0 0 0 0 
0 1 0 0 0 0 F 9 E 0 0 4 G 0 0 A 
0 0 0 0 0 0 0 0 0 D 0 0 8 3 7 F 
1 0 5 C 0 G E F 0 0 9 D 3 0 8 4 
G 0 0 8 A 0 4 0 0 0 7 0 0 0 0 0 
0 0 B 0 0 0 0 0 0 0 0 0 0 E D 0 
4 9 E 3 0 8 7 0 5 0 0 G A 0 F 0 
