4 4
0 0 3 0 G 0 7 A 0 0 5 8 0 0 0 0 
9 7 0 5 0 0 0 4 0 0 0 0 B 0 0 0 
0 G 4 E 3 F 0 0 A 0 6 7 D 0 8 0 
0 0 0 0 C 9 0 2 0 0 0 G 3 0 4 0 
G A 0 0 F 0 C 0 4 E 0 0 5 0 0 0 
0 6 F 0 0 0 3 0 0 5 0 9 0 7 D 0 
0 0 0 0 6 0 A D 0 0 C 0 0 0 G 3 
7 0 D 8 4 B 0 0 0 0 A 0 E 0 0 2 
C 0 0 0 0 0 0 E 0 0 0 4 0 9 3 A 
0 0 5 0 0 0 0 0 B G 0 1 C 0 0 E 
D 0 0 9 2 0 5 7 0 6 0 E 0 8 F B 
A 4 G 7 0 C 0 0 8 0 0 0 0 0 2 D 
0 0 1 0 0 2 G 0 D 0 0 0 0 0 0 7 
F 0 0 G 0 3 0 0 5 0 1 0 0 E 6 9 
3 0 0 6 0 D 0 8 0 0 0 2 0 0 0 0 
8 0 E 0 0 7 0 1 0 4 0 3 2 0 0 0 
