4 4
0 7 0 0 E 0 0 0 0 0 0 0 8 0 0 0 
0 F 0 8 0 1 0 0 6 7 9 D 0 0 0 5 
6 0 0 2 0 G 0 0 0 0 0 1 F 0 0 9 
B 0 0 0 0 6 0 0 0 0 8 0 3 C 0 1 
F 1 5 0 7 0 B 4 D 0 0 0 0 0 6 8 
0 9 0 0 5 0 0 G B 0 A 0 E 7 1 0 
0 2 0 0 0 A 0 0 4 0 F 0 0 0 0 0 
A 0 4 0 0 0 0 0 0 8 2 5 0 9 0 G 
0 3 E 9 0 0 0 0 0 0 C 0 0 G D 0 
8 0 F 5 A 0 2 D 0 0 0 G 0 0 C 6 
0 D 1 0 3 5 0 0 0 2 E 6 0 0 0 7 
0 0 0 4 0 0 G 0 7 0 0 F 0 0 0 0 
0 0 6 0 0 D C 3 1 G 0 0 0 E 8 0 
G 8 A 0 F 0 0 9 3 0 0 0 0 0 0 C 
2 0 0 C 0 0 0 7 A D 0 0 0 1 9 F 
0 0 0 D B E 4 A 5 C 0 7 G 0 0 0 
