4 4
B 0 0 3 0 F 5 0 0 2 0 0 0 A 4 8 
E 2 0 0 0 0 0 0 7 0 0 0 9 3 0 0 
F 0 C 1 G 0 0 D 0 0 B 0 E 0 2 0 
0 0 0 0 0 0 7 C 4 0 0 6 0 G 0 F 
8 0 0 0 9 0 0 0 E 0 0 C 3 0 A 0 
0 5 0 0 C 0 G A D 9 0 0 7 0 F 0 
0 0 2 0 8 7 0 0 0 3 6 0 C 0 0 0 
0 4 6 0 E 0 F 0 0 A 5 0 0 B 0 0 
4 C A 0 0 3 2 F 9 0 0 0 0 6 0 B 
0 6 0 0 B G 0 0 0 8 0 0 0 9 0 0 
7 0 0 0 0 1 0 0 G E 0 0 D C 0 0 
0 0 0 2 0 0 0 7 0 0 C 0 1 0 3 0 
0 8 7 9 4 0 0 0 0 F E 0 0 0 6 0 
G 1 B C 0 6 3 8 0 0 0 0 0 7 D E 
5 0 0 6 F 0 A 0 0 B 0 9 0 0 0 C 
0 A 0 0 1 0 B 9 0 D 0 0 0 F G 0 
