4 4
9 0 G 0 4 D 3 6 E 0 0 0 0 0 0 0 
0 0 0 0 0 0 0 0 0 C 0 0 D 1 G B 
0 4 7 D 0 C 0 0 2 0 G 0 0 6 A 0 
0 0 2 0 0 5 0 0 0 4 D 0 0 0 0 7 
C 7 E 0 3 0 0 0 0 D 0 9 8 0 0 0 
0 0 5 0 0 B 0 0 0 2 0 G 6 D 0 0 
0 0 4 2 0 E D 0 A 0 F 0 0 G 1 0 
0 D 3 G 7 0 C 0 0 0 0 0 0 9 0 0 
3 A 0 0 C 0 8 5 1 6 B 0 0 7 4 0 
0 0 9 C 0 0 6 E 0 A 5 3 G 0 0 0 
6 0 0 0 0 0 0 0 0 7 0 0 5 8 0 A 
5 0 0 E 2 0 G 0 F 0 0 0 0 0 D 6 
0 E A 0 0 0 0 8 0 F 0 7 4 2 0 0 
0 0 0 0 5 0 2 3 4 8 C 0 1 F 0 0 
0 8 0 9 0 7 0 G 0 0 0 0 0 0 3 0 
0 0 F 0 0 0 B 0 G 1 6 5 0 0 8 9 
