4 4
E 3 0 0 0 5 0 0 0 9 0 C 4 0 0 0 
0 0 0 2 0 0 0 8 0 0 0 G 0 E D 0 
0 9 0 6 G 7 4 0 F 0 8 0 3 B 0 0 
5 0 0 8 2 0 0 6 0 0 D 7 0 C 0 A 
F 0 3 0 6 4 8 1 G D 0 0 E 0 5 0 
0 1 B 0 0 0 0 C 0 0 7 9 8 G 4 0 
G 0 7 0 0 0 3 0 E 0 0 B D 1 6 0 
4 2 0 0 0 A 7 0 0 0 0 0 0 0 0 0 
0 0 1 0 7 0 0 D 0 G 0 2 B 4 0 5 
0 6 E 0 4 1 0 0 0 5 0 0 0 3 8 0 
0 0 0 0 0 G 0 A 8 0 B 0 0 0 C 1 
8 0 F 4 0 0 2 0 0 0 0 A 0 0 0 D 
0 5 0 0 0 C 0 F 0 0 0 0 0 0 0 2 
7 0 0 1 0 0 0 B A C 0 0 0 0 0 0 
2 0 0 0 0 0 0 5 9 7 4 D 6 0 1 8 
D 0 8 0 0 3 E 0 5 0 0 0 7 0 0 B 
