4 4
3 0 0 0 0 7 G 0 0 0 0 0 9 2 0 0 
0 0 C G 0 2 0 0 D 7 0 5 4 0 0 8 
0 0 7 0 1 0 B 6 2 0 4 C 0 0 D 0 
9 8 B 0 F 0 0 0 0 0 0 0 G 0 0 0 
E C 0 D 0 0 6 0 4 0 1 2 0 0 5 F 
0 0 0 A 0 5 0 F 0 0 7 D 8 0 3 0 
1 0 F 3 B 0 7 0 0 9 0 0 0 0 0 0 
5 0 0 0 0 1 2 0 F 0 0 6 E 0 7 0 
0 3 0 0 0 A 0 D 5 G 6 0 0 1 0 0 
7 0 4 0 0 6 0 8 0 0 0 E 0 3 A 0 
F 9 0 0 7 4 3 C 1 0 0 B 0 0 0 D 
0 0 0 8 2 9 5 E 0 4 0 0 0 0 0 0 
2 0 9 1 G 0 0 7 0 0 0 0 A 0 0 0 
0 0 5 E 0 0 0 B 0 0 F 0 6 0 0 4 
0 7 8 0 A 0 D 0 E 0 0 G B 9 0 2 
B 0 0 0 0 0 0 0 0 8 A 0 0 0 C 1 
