4 4
0 0 0 0 B 2 0 0 0 0 F 0 0 E 3 0 
0 0 0 0 0 1 0 0 7 0 8 9 B 0 D 6 
0 0 D 1 0 6 0 0 0 4 0 G 0 F 0 0 
B 6 0 E 0 A 0 0 0 0 2 C 0 8 1 7 
F 0 0 5 9 0 0 0 1 B 0 0 E 0 0 G 
0 0 0 9 G 0 2 8 0 0 0 0 3 0 0 0 
0 A 2 7 6 D 0 4 9 0 3 0 8 0 0 C 
E 0 0 B 0 0 0 0 0 7 0 0 0 0 0 9 
0 0 0 C 0 8 0 0 3 0 5 1 0 6 G D 
0 0 F 3 0 0 0 C 0 0 7 0 9 0 8 0 
G 8 0 0 0 F 0 0 C 6 0 0 0 7 2 0 
0 5 0 0 0 0 1 9 E 0 B A C 0 0 0 
A E 0 4 C 0 0 7 0 D 0 0 1 0 6 0 
1 7 B 0 2 0 G F 0 3 0 0 0 D C 0 
0 0 0 G E 0 D 0 5 0 C 0 F 0 0 0 
0 0 9 0 0 0 0 3 2 1 0 0 0 B 0 E 
