4 4
0 0 0 0 0 0 E D 0 0 3 A 9 0 0 0 
1 0 E B 0 4 0 0 6 2 D 5 0 0 A 7 
0 A 9 0 B C 0 0 0 0 F G 0 8 E 0 
0 4 0 0 3 0 G 9 0 7 0 0 0 2 0 0 
3 G 0 0 0 B F 0 0 0 0 4 0 0 0 0 
9 0 8 E 1 D 7 0 2 0 C F 0 0 G 0 
7 0 0 5 9 G 0 0 0 0 0 B 4 0 1 8 
6 0 F 0 0 0 C 0 0 A 0 1 5 0 D 9 
4 0 0 0 F 0 2 0 1 0 8 D 0 0 3 0 
0 0 0 7 C 0 0 8 0 B 0 0 0 6 5 F 
0 0 0 0 0 0 0 E 7 0 4 9 2 0 0 0 
5 B 0 0 0 0 A 3 0 0 0 6 0 0 0 0 
0 0 0 1 0 7 4 0 0 G 0 0 B A 0 3 
F 0 B 0 A 0 0 0 0 1 0 2 6 0 7 0 
0 0 G 9 0 0 8 0 E 3 0 0 0 0 0 0 
0 0 0 2 G 3 0 0 5 0 6 0 0 4 8 0 
