4 4
0 0 0 0 8 0 0 0 0 0 1 0 6 9 3 E 
0 5 0 1 0 0 0 6 B 4 0 A 8 F 0 0 
0 0 0 0 0 0 B 0 0 5 2 C 0 0 0 0 
0 0 9 0 0 7 0 1 0 0 0 6 0 D 0 0 
0 0 4 8 C 1 0 0 0 D 0 0 A 3 B F 
0 0 0 7 0 E 5 4 0 F 0 0 D 0 0 0 
0 0 E 0 0 0 0 0 5 0 6 0 1 0 C 2 
C 3 0 2 0 G 0 0 9 0 0 7 0 0 6 0 
0 0 0 0 5 0 C 0 0 0 E B 0 7 4 1 
E B 0 6 3 0 9 0 1 2 5 F 0 0 0 0 
1 0 0 0 D 2 0 0 0 0 0 0 3 8 9 G 
8 A 5 0 0 0 0 F 0 0 0 0 0 0 0 0 
0 F 0 0 0 B D 0 0 8 0 9 0 A 0 3 
0 0 0 G 0 A 0 0 0 7 0 4 0 0 2 0 
9 6 A D 0 4 2 8 0 0 B 0 G 5 F 0 
0 2 0 0 0 0 1 0 3 A F 5 C 0 E 8 
