4 4
9 0 0 0 4 0 E 0 6 0 0 0 0 0 0 8 
0 0 0 D G 0 5 B 0 0 7 0 0 3 F 0 
8 4 0 2 0 0 0 0 1 9 G B 0 0 7 6 
0 0 0 0 7 8 6 0 3 0 0 0 2 0 0 0 
0 G 6 1 B 0 4 9 0 2 C 0 F 0 0 0 
0 0 0 0 F 0 7 E 0 6 5 1 9 0 0 G 
0 0 0 0 0 0 1 0 0 D A 8 0 C E 0 
0 9 7 B 0 0 A 5 0 0 4 0 1 0 0 3 
0 0 1 0 0 0 0 0 0 G D F E 0 0 0 
4 8 0 0 9 6 C 0 2 A 0 7 0 0 5 0 
2 7 A 0 0 0 0 0 C 0 0 E 0 G 9 0 
C F 0 0 2 G 0 3 4 0 1 0 D 7 B 0 
0 0 0 0 3 0 8 0 A 0 2 9 0 5 0 0 
0 0 E 7 0 5 D 6 0 0 F 0 0 0 8 0 
0 0 0 0 C 0 0 0 D 0 0 0 B A 0 7 
1 D 0 3 0 B 0 0 0 0 0 0 0 0 0 0 
