4 4
0 0 0 0 1 0 0 C 8 0 F 0 B 3 0 E 
0 0 0 D 4 0 0 0 3 0 0 0 0 0 2 9 
0 0 1 0 D 0 0 8 0 A 9 B F 0 7 0 
4 0 0 0 0 0 7 0 E 0 0 0 0 G 0 D 
5 3 A 0 0 0 8 0 C 9 0 0 0 1 0 0 
1 4 0 0 0 E 0 9 D 0 5 2 A 0 C 0 
0 0 0 C 0 0 6 0 A G 0 0 0 D 0 0 
0 0 2 0 0 D 0 0 0 1 0 E 0 0 G F 
8 9 0 0 0 5 C 6 0 0 B 0 0 0 0 0 
0 0 0 G 7 0 0 1 0 F 4 C 0 2 B 0 
0 0 C 0 0 0 E 0 0 0 G 7 0 6 D 0 
0 0 7 E 0 B 0 2 1 0 A 5 3 8 0 4 
0 0 0 F 8 0 0 0 G 7 0 0 5 E 0 3 
9 G 0 1 C 0 0 A 0 D 0 8 6 0 0 7 
0 8 0 0 0 0 0 F 0 0 2 0 4 9 1 0 
0 0 0 0 9 4 0 0 F 0 0 A G 0 0 C 
