5 5
0 0 0 1 0 0 0 0 0 0 4 A P 7 0 0 0 0 D 0 0 0 8 0 0 
0 0 B 0 0 D E 9 4 O 0 0 0 0 0 0 0 0 0 0 J H F 0 0 
I 0 0 0 0 0 1 0 0 0 0 H 0 2 0 J A 0 0 K 0 0 0 0 L 
K 0 0 0 0 0 C G 6 0 0 0 O F 0 0 L 0 0 0 0 0 9 5 0 
6 0 0 0 0 0 0 0 0 L 0 0 8 0 0 0 0 0 0 0 0 0 0 M 0 
0 0 1 0 I N 0 0 0 0 A 0 0 0 5 0 0 0 0 0 2 0 D 0 9 
0 5 D 0 0 C 0 0 3 0 9 0 0 P 0 0 M E 6 0 0 0 0 0 0 
0 0 0 F 0 0 7 0 O 0 0 B 1 0 J 0 0 9 0 0 0 0 I 0 0 
0 0 0 3 0 0 A 0 5 0 I 0 N 0 0 0 C 0 0 L 0 J 0 0 0 
C 0 0 0 4 0 6 8 E 0 0 0 3 0 0 D 0 G 0 0 0 0 0 0 0 
4 0 7 0 0 0 0 0 0 0 0 C 0 0 0 P I 0 9 0 6 0 0 0 0 
0 0 0 0 E 0 0 0 0 0 0 0 K N 0 0 0 0 A 0 0 5 J 0 O 
L 0 N G 0 0 H 0 0 0 0 0 7 0 0 0 0 0 0 8 0 0 0 3 0 
0 0 0 0 9 L 0 0 0 C 0 J 0 0 0 0 H 0 0 D 0 4 0 0 0 
0 0 O 8 0 0 0 1 0 0 0 0 0 I H 0 0 0 0 6 C 0 0 P F 
0 G C 0 0 0 J 0 M 0 8 0 0 0 0 0 0 0 0 0 7 P 0 D I 
0 0 8 0 6 0 0 H 0 0 0 F M 0 1 3 J 0 L 0 0 0 0 0 0 
0 0 P 0 0 7 0 D 0 0 0 0 0 0 0 O 2 0 E 0 0 0 0 0 8 
0 0 0 E 0 0 0 0 C 0 H 0 0 0 O 1 0 N I 0 0 3 0 0 5 
0 D 0 0 0 P 0 B 0 0 7 3 0 0 0 8 0 0 0 M E 0 0 0 0 
0 H G 0 A 0 0 0 0 0 2 0 J 1 0 0 P 0 0 E 0 0 0 B K 
8 6 0 D 0 0 0 0 0 0 0 0 E 0 9 0 1 J 0 0 0 M 0 0 0 
0 J 0 0 0 0 0 M 0 0 0 4 H 0 0 A 0 I C N 0 0 0 0 7 
0 0 3 0 0 I 4 0 0 5 0 G 0 0 L 7 0 0 0 0 0 0 0 N 0 
0 K 0 0 0 0 0 3 0 0 0 0 0 C 0 9 4 0 0 0 0 L 0 G J 
