5 5
0 0 8 H 0 0 M 0 0 0 0 0 4 P 2 0 0 0 0 0 0 7 0 E 0 
0 0 0 0 K B 8 0 0 E 0 0 A 0 7 0 0 0 3 H 0 0 F C 0 
0 A 0 6 0 0 N 0 0 L 0 0 0 0 0 0 0 F 0 J M 0 0 0 5 
0 F 0 0 0 3 0 0 0 5 1 0 0 0 0 0 0 0 0 0 4 6 0 0 0 
0 0 0 0 0 0 F D 0 0 0 0 0 0 5 K L 0 0 N 0 0 0 0 0 
0 0 0 0 B 4 0 0 N 0 9 0 0 0 0 L 8 0 E 0 0 0 0 0 C 
0 N 0 2 I 0 0 0 0 7 0 0 B 0 L 0 9 0 0 O 0 4 0 1 0 
0 E 0 0 0 0 0 0 0 0 0 A M 0 0 0 0 0 0 0 0 0 0 8 0 
1 0 L M 0 0 0 5 0 0 D 6 0 0 0 0 0 0 0 0 2 0 0 0 I 
0 0 0 0 0 A 0 0 8 0 N J 1 0 3 0 0 B 0 M 5 0 0 0 0 
0 0 0 0 0 7 5 F 0 0 0 0 0 0 9 0 N 0 0 0 0 0 0 0 2 
4 0 6 0 0 0 J I 0 B 5 0 0 F G 7 0 0 0 0 0 0 D 0 0 
0 0 J 0 0 D K 0 9 0 2 0 0 A 8 0 0 0 0 P 0 0 0 O 0 
0 3 0 0 O 0 0 0 0 0 L 0 J 0 0 0 0 E A G 0 I 0 0 0 
N 0 0 0 M C L 0 0 0 0 0 3 0 0 I 0 0 0 0 0 0 0 0 1 
0 0 5 0 A 2 9 L K 0 G 0 C 0 H 0 6 7 0 0 0 B O 0 F 
0 0 F 0 0 N 0 0 0 0 0 0 O 0 B 0 P 0 0 0 3 E 0 0 0 
G 0 0 D 0 0 0 O 0 0 0 1 0 0 0 8 0 J 0 0 0 0 0 0 P 
0 0 0 0 L I 0 0 J 0 8 0 0 0 0 0 M 0 1 5 0 0 0 0 0 
0 0 M N 0 0 1 0 0 6 0 0 9 0 0 0 0 H 0 0 0 0 0 0 0 
0 0 0 0 0 0 H 0 0 0 0 0 0 K 0 0 0 0 0 2 0 0 9 0 7 
0 0 0 0 0 0 0 0 0 G 0 O 7 2 J 6 0 0 B 0 0 0 I 0 0 
0 0 3 O 0 L C 0 0 0 6 0 N 0 0 0 0 0 0 F 0 2 4 B 8 
8 0 B 1 5 0 0 7 0 0 0 0 0 0 I P 0 L 0 D 0 0 A 0 6 
0 6 0 0 0 0 0 0 0 0 C B 0 0 0 0 0 0 9 K 0 N G 0 0 
