5 5
0 C 0 0 0 6 0 0 0 0 0 O 0 0 B 0 0 0 0 N 0 E 0 0 0 
5 9 0 0 0 0 0 0 G 0 7 P 0 J 0 0 0 0 3 0 0 0 0 0 1 
2 0 0 0 E 0 0 0 0 0 0 0 0 0 0 0 0 A 0 H F 0 0 D 8 
0 0 0 0 0 N 0 J L 0 8 D E 0 0 0 0 0 0 5 3 0 C 0 0 
0 D 0 8 0 9 C 0 0 B 0 0 0 2 0 7 0 0 0 J 0 0 0 0 0 
0 0 0 0 0 0 0 H D 0 0 0 0 0 M J 0 0 8 0 0 0 I 0 C 
0 0 0 N 0 4 0 0 0 G 0 A 0 0 H P 2 0 0 K 0 0 0 0 O 
0 0 L 0 0 3 0 0 0 0 0 E K 0 I 0 9 0 7 6 0 0 D M 0 
0 0 B P 0 0 7 8 M 0 0 0 6 0 0 0 0 0 0 0 1 0 0 0 E 
E 0 0 0 0 0 1 0 0 L 0 0 2 F O A 0 0 H C 6 0 0 0 J 
0 0 0 0 K 0 0 0 0 0 3 0 0 0 0 5 C P 1 0 0 0 0 0 M 
0 G 0 3 0 F 0 0 0 0 6 L 0 H 0 E 0 7 0 0 0 8 4 0 0 
0 0 P D 0 0 E N 0 O 0 0 0 0 0 8 M 0 0 2 A 0 B 1 0 
0 0 5 0 9 0 0 0 0 0 0 I O K 0 0 0 0 0 0 0 0 0 0 0 
0 0 C 2 0 0 D 1 0 0 0 0 M 0 0 6 0 0 0 L 0 0 0 0 0 
0 0 G 0 2 0 0 0 0 K 0 0 0 0 0 0 3 I 5 E 0 0 0 0 0 
0 J 0 C 0 0 0 P 0 0 0 K 0 0 6 0 0 0 0 0 0 0 0 0 0 
0 0 0 0 0 H 0 0 0 0 0 0 0 0 0 0 0 0 0 7 0 1 8 N 6 
0 0 0 I B 0 0 0 0 0 0 G 0 3 0 N 0 K J 0 0 5 0 0 0 
0 7 0 1 4 0 0 0 5 9 0 0 D 0 C 0 6 0 0 0 G A 0 H 0 
0 0 I 0 0 0 O 0 J 0 0 H 0 0 0 0 0 8 A 0 C N K 0 0 
0 0 0 0 J 0 0 I A F 0 0 L 0 N 0 0 0 0 0 0 P 5 0 0 
0 0 0 0 0 P B 0 0 0 0 0 0 0 0 0 0 1 0 0 0 0 0 0 0 
1 0 0 0 N 0 0 9 0 M 0 8 0 0 P 0 0 4 0 G 0 0 7 I 0 
0 8 0 H P 2 0 0 E 0 1 0 0 4 0 L 0 0 0 0 0 B 9 0 0 
