5 5
0 G 0 0 0 C 0 0 0 0 0 0 0 N 0 0 0 0 0 0 J 0 4 5 9 
0 3 0 0 C 0 0 0 0 0 5 0 0 7 0 0 0 0 I 0 0 0 E O 0 
1 0 0 0 0 0 9 0 6 0 0 0 0 0 C N M P B 0 0 7 0 0 0 
P 0 B 0 0 L 0 0 0 0 0 0 0 0 0 0 C 0 0 0 0 0 0 2 0 
E 0 0 O 9 0 F 0 0 0 0 0 0 0 0 L 0 D K 7 0 0 0 B 3 
O 0 G 0 0 0 0 0 0 0 0 0 0 0 0 0 J 0 4 0 6 0 0 0 0 
6 0 0 0 0 0 0 F P 8 0 0 A 5 0 0 0 0 0 1 0 0 0 H 0 
0 0 0 K 5 0 G 0 0 0 4 0 0 0 0 0 0 B A 0 0 0 0 0 0 
3 F 0 0 0 O 6 0 4 0 0 C 0 M E I H 5 0 0 0 K 0 0 0 
0 0 0 B 0 0 A 0 7 0 0 0 0 0 L E F 0 0 0 0 O 0 9 0 
0 0 0 7 0 4 0 0 0 0 3 0 D 0 M 0 0 J 9 F 0 0 H G P 
0 H 0 0 0 J 0 0 0 9 0 0 2 0 0 P 0 0 0 0 N E 0 0 L 
0 M 0 0 0 0 0 0 0 I E 0 0 0 G H D 0 0 0 0 0 A 0 0 
0 0 2 J F 6 3 O 0 0 7 0 0 B I 8 0 0 L 0 0 C 0 0 0 
4 5 0 P 0 0 0 M H 0 0 0 8 A 6 7 0 0 0 0 0 1 0 0 0 
0 0 0 0 P 0 H L 0 0 0 0 0 0 0 0 0 K 0 0 I 4 0 8 0 
0 0 0 0 0 I 0 0 0 0 0 0 0 0 0 0 L 0 D C 0 A 0 0 2 
0 0 0 0 8 3 0 0 0 0 0 0 G F 0 0 0 0 2 0 0 M 0 0 0 
0 0 0 N 0 0 0 P 0 0 0 0 0 0 A 0 0 0 0 0 D 0 0 E 0 
0 0 0 0 H 0 J 0 0 0 B 0 I 0 0 0 6 0 E 0 0 5 0 0 0 
0 0 0 0 J 0 D A 5 H 0 0 0 0 N 0 0 G 0 4 0 6 C K 8 
7 0 0 0 0 M 0 0 0 0 0 0 0 0 O 0 B 0 0 0 0 J 0 0 0 
0 0 9 0 2 0 0 3 0 0 A 6 0 0 H 0 0 0 5 0 E 0 0 0 0 
0 0 0 0 0 K 0 0 0 0 0 M B 2 P 0 0 A 0 0 0 0 0 7 0 
8 0 L C 0 0 P 0 0 N 0 D 0 3 0 0 I 0 O M 0 B 0 F 0 
