5 5
0 B 0 0 0 0 0 0 0 0 7 0 0 C 0 N 3 0 0 1 0 0 0 0 0 
I 0 K A 0 0 0 5 C O 0 B 0 0 8 H 0 0 0 0 M 0 0 0 0 
0 0 0 6 0 0 0 P 0 0 L A G 0 0 0 8 0 4 0 0 7 0 0 0 
F 0 0 0 L 0 8 N 9 0 E 0 1 0 0 2 0 0 0 0 0 0 0 0 0 
0 0 3 0 P 0 0 0 G 0 0 0 2 0 0 0 D 0 0 0 8 A 0 O F 
6 0 0 0 0 0 0 I 0 5 0 0 0 0 0 0 0 0 0 0 0 0 0 0 4 
A 0 0 N 0 D P 6 0 4 0 0 0 0 0 0 0 0 0 3 O 0 0 0 0 
0 E 0 0 0 0 0 0 A F J 0 0 6 D 0 0 0 0 4 0 I 0 0 0 
0 0 B H 0 0 0 0 0 0 5 C 0 3 0 0 0 0 0 K 0 F 0 0 0 
0 J 0 0 D 2 0 0 1 0 0 0 8 0 0 0 0 E B 0 0 N 0 0 0 
0 0 0 8 0 0 0 0 K 0 0 0 0 L 0 0 I 0 0 5 1 0 G 0 0 
0 0 0 0 B J 1 F 6 P 0 0 0 0 0 0 N 0 0 H D 0 0 2 I 
L 0 D 5 H 0 0 0 0 0 0 F 0 K 0 0 0 O 0 P 3 8 0 0 0 
0 7 C 0 N 0 0 H 0 0 O J 0 5 0 0 0 0 0 0 0 K 0 6 0 
G 0 O 0 0 0 7 4 0 L 0 0 0 0 0 0 0 9 0 0 0 0 F M A 
0 0 0 L M F 0 0 0 0 2 0 0 0 0 0 0 0 0 0 N 0 0 0 O 
0 8 0 0 I 0 5 E 0 0 0 0 M 0 L C J 0 N 0 6 0 0 0 0 
0 P 0 0 K 0 M 0 0 0 0 0 0 8 0 0 0 0 H 0 7 0 L B G 
2 0 0 0 0 N A 0 0 1 F 0 0 D 0 0 0 0 0 0 I 0 0 0 0 
0 4 0 E 0 0 0 0 0 0 0 0 0 H 0 I 1 0 0 0 P 0 0 0 5 
0 0 2 O 0 0 D 0 0 0 0 N H 0 1 0 0 0 0 0 0 4 B 0 0 
M 0 5 J E 0 0 0 0 0 0 0 0 0 0 L 0 0 0 7 0 0 0 3 0 
0 0 0 D 7 0 B 0 0 0 0 0 0 9 M 0 0 C O 0 0 0 0 0 0 
0 0 0 1 0 L 0 A 0 0 0 5 0 0 0 6 2 4 0 9 0 0 J 0 0 
0 6 0 0 0 0 0 0 I 0 0 8 0 0 B 0 0 0 0 0 0 L 7 G 9 
