5 5
1 0 9 0 P 0 0 0 2 5 0 0 0 0 0 0 0 0 0 0 O 0 0 0 0 
0 0 D 0 0 0 8 0 0 0 6 H C 0 I 0 0 0 0 0 0 0 0 0 A 
0 0 0 C B 0 0 G 0 0 0 0 0 5 7 4 0 0 0 D 3 F 0 I 0 
0 0 0 0 0 0 0 B 0 0 0 0 E N 0 0 I M 0 0 0 K 0 0 L 
E 0 0 H 0 4 K 0 7 0 G 0 O D 0 0 0 0 0 P J 0 0 0 0 
F 1 0 E 0 0 H 0 B J 0 O 0 0 0 0 0 N 0 0 0 A 0 D 0 
0 O 0 3 0 0 0 0 0 0 9 0 0 0 A F 0 G 0 C 0 0 0 0 0 
0 K 7 0 H 0 O L 0 0 B 0 0 0 8 0 A 0 0 0 0 N 2 0 0 
0 0 0 0 0 0 0 0 0 0 5 E 1 0 0 0 0 9 0 H 0 C 0 0 0 
2 0 0 0 0 0 5 0 0 7 C 0 0 L 0 I 0 0 O M 0 0 0 F 0 
0 0 0 0 0 B E 6 0 0 0 0 0 0 0 0 0 0 0 1 0 O 4 0 0 
7 J 0 0 0 0 0 0 0 0 0 F B I 0 0 0 0 H 0 D 6 0 P 0 
0 0 0 0 5 2 0 9 0 0 J 8 7 0 0 O 0 0 6 0 0 G E 0 0 
0 0 0 9 0 I P O H 1 0 0 6 0 0 0 0 0 2 4 0 0 0 0 0 
0 F P 1 L 0 0 0 3 0 N 0 0 0 0 0 0 0 0 0 0 0 0 0 0 
0 0 C 0 0 0 0 A 0 0 0 0 G 0 0 5 8 0 0 0 0 0 0 0 0 
H 0 0 I 0 0 N 0 E 9 0 0 0 B 0 0 F 0 G 0 0 0 0 0 0 
0 0 0 G 0 0 0 0 0 0 0 0 0 0 0 0 J 4 0 0 F 7 0 L 0 
P 4 0 0 O 0 D 0 0 0 0 I 0 8 0 6 0 0 0 0 9 0 0 0 0 
0 0 J D 0 7 0 0 0 L 0 6 0 0 M 0 0 0 0 0 0 0 0 0 0 
0 B 0 0 0 0 0 0 0 C D 0 5 K 0 0 2 0 0 0 L 0 A 0 J 
O 0 0 0 0 0 0 0 P 0 A B 0 4 0 0 H L 0 0 0 1 0 5 0 
6 7 0 0 D L 0 0 0 0 I N 0 0 G 0 0 0 0 0 0 B P 0 3 
0 G 8 A 0 E 1 0 0 M 0 0 3 0 0 0 0 I 0 F 0 0 0 0 0 
0 0 0 J 0 0 A 0 0 0 P 0 0 0 6 E B 0 3 0 8 0 0 0 0 
