5 5
0 0 F J 6 0 0 0 0 4 I 0 0 M D A 0 1 P 0 G 0 0 0 0 
0 7 P 0 0 0 2 C 0 0 0 0 0 8 A 0 0 0 G M 0 0 0 0 0 
L 4 I 0 D N 6 E 0 1 0 0 0 H 0 F 0 O 7 0 0 0 0 0 C 
0 0 0 0 0 0 0 L 0 3 0 0 0 0 0 2 0 0 0 0 0 0 0 N K 
0 0 0 0 0 0 A 0 0 0 0 0 0 0 P 0 N 0 0 0 0 D H 0 6 
0 0 C 0 0 0 0 0 0 0 0 P 0 0 4 0 0 0 0 0 0 0 0 0 N 
H D J 0 0 1 0 0 0 L 0 6 7 I E 4 0 F 0 G 0 0 0 0 8 
0 0 0 0 5 0 M B 0 0 0 H 0 0 2 0 A 0 0 0 0 0 I 6 D 
0 0 0 0 0 6 H 3 9 0 0 0 0 0 0 0 0 7 0 0 0 5 0 G 0 
0 P 0 0 0 8 0 0 0 0 0 D 0 L 0 0 J 0 0 0 E 0 0 0 0 
0 0 0 0 0 0 0 0 0 0 D K 0 0 0 0 0 P 1 0 I E 4 F 0 
0 0 B 0 0 4 0 N 6 0 0 0 0 0 G 0 0 0 8 0 C K 0 0 3 
0 0 3 0 0 0 I 0 F 0 0 5 0 0 0 0 O 0 0 0 0 9 0 0 M 
D 1 0 7 0 0 0 9 0 0 0 0 6 0 0 5 0 C 0 3 B 0 0 0 0 
0 O 0 0 0 E 0 J P 5 N 0 4 0 0 0 L 0 0 0 0 0 0 0 0 
4 0 0 0 0 0 0 P 0 8 L B 0 0 0 9 0 0 H 0 0 0 0 0 0 
0 0 0 E J 0 0 0 7 0 0 O 0 F 0 B D 0 0 1 0 0 3 0 0 
0 0 L 9 0 0 0 0 G 0 0 0 K 0 M 0 6 0 0 0 0 O C 0 0 
2 A 0 0 C 0 0 5 K 0 0 0 N 0 0 0 0 0 0 0 0 0 0 0 0 
G 0 0 0 0 F 0 0 0 0 0 A 0 6 0 0 0 0 0 0 0 I 0 0 0 
0 0 0 0 0 0 0 1 0 0 M 0 G 0 0 0 0 0 5 0 0 4 0 0 7 
0 0 0 5 0 0 3 0 0 0 0 1 0 0 0 0 P 9 E 0 F 0 0 B 0 
0 0 D 3 E 0 0 0 A 0 J 2 8 0 0 N 0 0 0 0 H 0 M 0 0 
1 0 G I 4 O 0 0 0 H E 7 0 P 0 0 B 0 0 D 6 0 0 9 0 
0 0 0 0 7 J 0 0 C 0 0 0 O 0 0 0 0 0 0 0 0 0 0 5 0 
