5 5
0 C B 0 0 0 0 0 0 H 0 0 0 0 0 0 0 0 0 0 G N 0 0 1 
0 G 0 0 N C K A 0 0 0 0 0 0 0 7 0 F 0 O D 0 0 8 0 
0 0 0 0 0 8 0 0 0 0 0 K 0 E N P 0 0 1 0 0 M 0 0 J 
D L 4 0 0 E 9 0 0 0 0 5 A 0 0 0 0 0 0 0 3 0 0 0 0 
M 0 8 0 0 G 0 0 O N 0 0 1 0 0 0 K 0 0 4 0 7 0 0 L 
0 0 N 0 F 0 0 J 0 7 0 0 0 I 0 L A 0 0 K 0 0 0 0 0 
6 0 0 0 0 P 0 0 0 0 3 8 0 0 0 2 0 0 0 0 B 0 0 1 0 
0 0 I 0 K 2 0 0 9 F O 0 4 G 0 0 N 5 0 0 8 0 0 C 0 
0 D 0 0 0 0 M 0 N 0 0 0 0 0 0 O 0 0 0 0 0 0 0 0 F 
5 0 0 0 P I 0 0 0 0 0 0 0 6 7 F G 0 0 0 M 0 0 A 0 
0 B C O G 0 N 0 0 0 0 0 0 0 E 0 0 I 0 A 0 0 6 0 0 
0 0 0 0 0 0 C 0 0 0 0 0 0 0 0 0 E 0 0 0 0 0 O N 0 
4 5 0 0 E 0 1 0 0 6 0 H 0 0 2 G 0 8 0 M 0 0 0 0 0 
A 0 0 F 0 0 0 8 0 0 0 0 0 0 5 B 4 0 0 0 0 0 0 0 0 
0 I 7 0 0 H O L 5 0 0 0 0 0 0 0 J 0 D 0 0 0 0 0 0 
0 0 3 K 0 F 0 0 1 0 0 D 0 4 9 8 P 0 0 0 0 0 5 0 0 
G 0 P 0 0 B I 0 0 2 0 0 0 0 0 9 0 0 0 0 F 0 0 0 0 
C 7 M 0 D 0 0 G 0 0 0 0 0 0 0 0 0 B 4 0 0 P L 0 0 
0 0 0 N 0 0 E 0 0 M 0 P 0 0 B J 0 0 0 H 0 0 4 3 I 
0 0 L A 0 0 0 0 0 8 0 0 6 0 0 0 0 0 0 3 0 0 0 0 0 
0 0 0 0 0 M 0 0 0 1 0 0 0 0 0 0 0 H 0 0 0 C 0 0 B 
P 3 5 4 0 0 0 6 0 G 0 0 O M 0 0 0 D 0 0 0 L K 0 0 
F 0 0 0 0 0 0 0 0 0 0 0 0 0 0 0 6 0 K 0 2 0 0 J 0 
O 0 H E 0 0 0 9 0 0 D 0 0 0 K 3 0 0 0 0 0 6 P 0 0 
N 2 0 J 0 0 3 0 H 0 0 0 0 F 0 0 0 0 0 0 0 9 A 7 0 
