5 5
0 J 0 9 0 1 0 0 0 0 0 0 0 0 M 0 N 0 0 5 0 C 0 6 0 
0 0 0 K 4 J O 0 0 0 0 0 0 0 G 0 8 7 0 0 0 0 0 0 0 
0 0 0 C 2 0 P 0 0 0 0 0 0 0 0 0 I 0 0 0 0 0 0 0 0 
E 0 0 0 0 5 N H 0 0 0 D 4 0 2 0 L 0 0 B 0 F 0 0 G 
F 0 H 0 0 D 0 0 0 0 0 A 0 0 N 0 0 O 0 0 0 0 3 0 E 
0 0 L 0 0 0 8 0 0 G O 7 C 0 0 0 0 0 0 K P 5 H 0 0 
0 1 0 0 0 0 0 0 0 0 0 0 6 N H J 0 0 0 L M 0 0 O 0 
H 9 0 0 0 O 0 0 2 0 0 0 0 0 0 0 0 I 0 0 8 0 0 0 0 
0 N O 4 0 0 0 0 0 L 0 0 0 0 0 0 0 0 0 0 D 0 K 7 2 
0 0 0 0 3 0 0 0 0 0 0 8 5 0 0 0 0 G M 0 0 0 A E 0 
0 0 0 0 0 0 2 P B H 0 0 0 J D 5 0 9 1 6 0 E 0 0 K 
0 0 0 0 0 0 0 L A 0 I 0 0 0 0 B 0 3 D 0 1 0 7 0 0 
0 B F 0 0 0 0 0 0 K 0 0 0 L 0 0 0 0 0 0 0 0 0 A 0 
0 0 0 0 0 0 D 3 M 0 0 0 0 0 0 0 0 0 C 0 G 0 0 0 6 
1 0 0 0 0 G 0 0 I 0 0 F 8 0 0 O 0 0 0 0 2 J 0 0 0 
0 8 0 0 7 6 0 0 J 4 B 0 0 G 0 0 C 0 0 0 0 0 1 K N 
4 0 3 0 0 0 C 0 0 0 5 0 H 0 0 0 2 0 0 0 0 0 P 0 J 
0 O 0 0 0 9 0 0 0 0 0 0 L 0 0 N F 0 0 0 0 0 0 B 0 
0 0 0 E 9 0 B 0 D 2 J 0 3 0 0 0 0 0 0 7 0 0 0 0 0 
0 0 0 0 0 0 E 0 0 0 0 M 0 2 0 0 3 0 I 0 6 L 0 0 0 
0 0 N 0 0 0 5 7 0 F G 0 0 C 0 0 0 1 0 0 B 0 6 8 L 
0 7 0 0 C 0 0 0 0 0 P L 0 F 0 0 0 0 0 0 0 0 0 2 0 
0 0 0 L 0 4 I K 0 0 D N 0 0 0 0 0 0 0 P 0 0 0 F 0 
0 0 0 F I 0 0 0 N 3 0 0 0 0 0 0 B L 8 H 0 K 0 0 4 
0 0 5 0 O 0 0 B 0 0 0 0 0 6 0 0 7 0 2 0 9 0 0 J 3 
