5 5
0 0 0 0 0 0 0 0 9 0 0 0 0 L 0 0 0 E 0 0 0 0 P 0 0 
0 M 2 5 0 0 E 6 H 0 0 0 0 0 D B 0 0 0 0 0 0 0 F 0 
0 I 0 0 C O F 0 0 0 0 6 0 0 0 0 0 0 0 7 0 0 0 0 0 
0 D N 0 P K 0 0 0 0 0 0 0 A 2 0 0 0 F 0 0 0 0 0 B 
1 8 0 0 0 D 0 L 0 0 N 0 E C 0 0 0 K 0 0 0 0 0 0 4 
0 4 L 0 K 0 0 0 0 0 0 0 0 0 O 0 0 0 0 J 0 G 7 6 0 
8 0 0 0 0 A B 0 0 0 0 0 0 3 0 0 N C 0 0 P 0 0 0 0 
0 E 0 I 6 9 0 O 0 0 P 0 0 0 0 A 3 G L 0 0 0 F 0 0 
0 0 D 0 0 I 0 0 0 5 2 4 0 0 9 0 0 0 7 0 0 0 0 0 0 
O 0 0 7 0 0 0 0 0 0 0 0 J 0 0 0 0 0 0 0 0 1 N L 0 
0 0 M 0 0 0 9 0 0 0 1 0 2 0 0 G 0 0 0 0 0 I 0 0 F 
0 0 C 0 0 0 0 0 J 0 0 0 0 0 G 0 E 0 0 8 0 0 0 0 0 
E P 0 0 0 0 0 0 0 2 0 0 0 0 0 M 9 I 0 0 B 0 0 J 0 
0 0 G F 0 8 0 C 0 0 0 O 0 N 0 0 D 0 0 H 4 P 0 0 0 
0 3 1 0 0 6 I H 0 0 0 0 0 M 8 C 0 0 0 0 0 N D 0 0 
3 0 0 N 0 0 M 0 5 0 0 0 0 4 I 1 G 0 9 0 0 0 A O 0 
0 0 0 0 G 0 0 0 6 1 0 D 0 0 0 0 C 0 0 0 8 J 0 N 0 
D 0 0 0 I 0 0 0 K 0 0 A 0 0 0 0 H J 0 0 0 0 E 0 0 
M B 0 9 H 0 0 0 0 0 0 0 0 0 0 K 0 0 0 N I 0 0 0 0 
J 0 0 0 0 F 0 0 4 8 3 1 0 0 0 O 0 0 0 D 0 0 0 0 0 
0 0 3 0 O 0 0 0 0 0 G J P 0 1 0 0 9 0 0 0 0 I 0 0 
0 0 0 0 0 0 0 9 0 0 K 0 0 0 0 L 0 0 0 A G 0 4 B 0 
F 0 A 0 0 0 G 0 0 0 0 0 C E 0 0 0 0 2 0 L 0 0 0 0 
N 0 0 P M B 0 0 2 4 0 0 7 H 0 0 0 0 C 0 0 0 0 0 9 
0 0 0 8 E 0 0 A 7 N B L 0 F 0 I 0 3 0 0 0 0 K D 0 
