5 5
0 0 0 0 0 0 0 0 0 0 9 0 D 2 0 8 0 0 0 C O 0 0 3 0 
0 0 0 0 0 0 0 0 0 0 0 J 0 1 5 0 0 6 0 0 0 I 0 0 F 
0 0 6 0 0 0 A J L 0 0 0 O 0 0 D 7 0 9 0 N 0 5 0 0 
0 0 C F 0 5 0 0 0 0 I 0 0 0 0 0 0 0 0 0 0 K E D 2 
0 0 0 0 M F N 9 0 0 0 0 0 0 0 1 0 0 0 0 A 0 0 0 0 
0 0 0 4 0 0 0 0 H 9 0 0 0 F 0 0 0 5 0 0 2 6 0 0 E 
N 6 0 0 0 E B 1 I 0 0 0 0 P C 0 4 0 7 0 8 0 0 L 0 
0 0 0 0 0 P L G 0 0 0 0 0 6 0 0 0 F O 0 0 0 0 0 0 
0 0 0 0 O 0 0 N 0 C 0 0 K 0 0 2 8 0 0 0 7 0 0 G 4 
8 D 0 0 0 0 0 0 0 0 7 H 0 0 0 6 0 A K P 0 B C 0 0 
6 0 2 3 D 0 0 0 K 0 0 I 0 0 0 L 0 0 0 0 0 0 0 0 0 
0 P 0 0 A 0 0 C 0 6 0 N 0 0 0 0 0 0 0 E 4 0 0 0 0 
1 L 0 0 0 0 M 0 0 0 K 0 J 5 0 0 N C 0 7 0 0 0 0 0 
E 0 0 0 0 0 0 0 O 0 0 P 0 0 M K 0 J 3 0 0 1 0 0 0 
0 0 0 0 0 B 9 0 0 0 0 0 0 0 6 0 0 0 2 1 0 0 0 0 O 
I 0 0 D 0 G H E 3 0 A 0 N 0 K 0 0 0 0 0 0 F 0 0 0 
O 0 0 0 3 0 0 0 0 K 0 E 0 0 0 7 6 0 P M 0 0 0 0 0 
K 0 M H E 0 0 0 0 0 3 1 0 J 0 G 0 0 8 0 0 0 0 I D 
0 0 G 0 1 0 I 0 0 0 0 0 0 9 0 C 0 B D 0 0 0 0 0 0 
2 0 0 J 0 1 0 0 0 0 0 7 0 0 G O L 0 0 0 0 0 M 0 0 
0 0 F 0 0 0 1 0 0 0 0 0 0 0 0 0 0 0 0 O 0 0 0 M 0 
0 0 1 P 0 0 8 M 0 0 J 0 C 0 0 0 D 0 0 0 0 0 H 0 0 
4 0 A E 8 0 6 0 J 0 0 0 0 0 0 0 0 0 0 0 0 0 1 2 0 
G 0 5 0 0 0 3 0 0 0 0 M H 0 L 0 0 0 4 0 0 0 9 0 0 
B N 0 L 2 0 0 0 0 0 0 G 0 0 3 0 0 0 0 0 0 P 0 6 7 
