5 5
7 D 0 0 0 0 0 0 0 0 0 0 0 0 3 6 0 8 0 J 0 B 0 0 0 
4 J 0 O 0 0 0 0 0 9 0 0 0 0 0 0 I K A 0 0 0 0 0 P 
0 0 0 0 0 0 J 0 0 0 0 0 0 0 9 1 0 0 0 0 M G 0 O L 
0 8 0 K 0 0 0 0 0 0 G P D 0 F 0 0 0 E 0 3 C 0 0 0 
0 0 2 I 0 0 0 6 8 C 0 0 0 0 4 O 0 N 0 0 D 0 J 0 0 
0 0 0 L N 0 0 0 0 0 0 0 0 M 0 3 0 F 0 0 0 0 7 0 4 
0 0 F 0 0 0 0 G 1 D 0 0 K 0 0 0 0 0 0 0 0 0 N 0 E 
0 0 0 0 5 0 0 0 6 0 I 0 0 0 0 0 0 0 8 0 0 0 2 0 0 
I 6 0 0 0 0 0 0 0 2 1 7 3 J 0 E 0 0 0 0 0 0 9 0 0 
0 0 0 D 8 0 F 0 0 7 0 0 0 2 0 0 0 0 6 N 0 H 0 M 1 
0 0 D 0 9 0 0 0 0 0 3 0 7 0 M H E 0 0 0 0 0 0 J 0 
0 4 0 8 0 0 0 1 0 0 0 0 0 0 H B 2 0 0 0 G 0 0 0 0 
3 M 0 0 P 0 A 0 0 0 N 0 0 0 0 C F 0 D 5 K 4 0 9 2 
0 1 0 0 0 2 0 0 0 4 0 0 6 0 8 0 3 0 0 0 0 0 0 0 0 
0 C 0 0 I 0 0 0 0 0 E 0 A 0 D 0 K 0 0 0 0 5 H 0 0 
0 0 H 0 0 0 D 0 F J 7 0 8 0 0 0 0 C 0 9 0 0 4 L 0 
J 0 E 0 0 0 0 0 0 0 0 H 0 0 0 G 0 0 0 0 0 P A 0 0 
0 0 0 0 4 0 0 2 0 M 0 A 0 N 0 I L 7 0 0 0 0 B 0 0 
0 2 0 0 0 0 0 0 0 0 0 3 J 0 0 0 O 0 0 P 1 0 E 0 5 
0 0 0 C 0 N 9 K 7 0 P 0 0 0 0 0 0 0 0 0 F 2 0 0 0 
M 5 I N 0 0 0 0 0 0 0 0 0 0 0 0 0 0 J F 0 0 0 0 0 
0 0 1 0 0 0 5 I 0 8 F N 0 9 0 0 0 0 0 2 0 0 0 0 0 
0 0 G 0 2 4 B D 0 O 0 5 0 0 E N 8 0 0 1 0 0 0 A I 
O 0 0 0 0 G P 0 0 F 0 0 0 0 6 0 0 B 0 0 0 0 0 K 0 
0 0 0 0 0 0 3 0 0 0 0 K H 0 0 0 0 0 0 0 2 0 0 0 0 
