5 5
0 0 0 0 0 0 0 0 B M 0 0 0 0 0 0 4 0 9 6 0 0 2 0 A 
E 0 0 9 N A 0 6 0 0 0 0 0 0 0 0 0 0 8 5 P 0 0 0 0 
A 0 0 2 0 1 0 F 0 9 B O 0 0 0 0 0 0 M 0 0 0 0 G 0 
0 0 3 0 0 H 0 D I 0 C G 7 0 0 0 0 0 0 0 0 0 0 0 0 
0 0 0 O 0 0 K 0 4 0 J 0 0 0 8 2 0 0 0 0 0 1 0 D C 
8 0 0 E 0 0 0 0 K 0 0 0 F 0 0 0 0 0 0 C 0 0 H A 2 
0 I 0 0 0 0 0 0 0 0 0 0 0 D 3 6 0 0 E 0 4 J 0 M K 
0 5 P M 0 0 0 0 0 3 2 0 4 0 J D 0 0 0 0 0 0 0 0 0 
0 0 0 L 0 0 0 0 0 0 0 N 0 0 B 3 P 7 0 0 0 9 6 0 E 
N 0 0 0 4 6 7 0 L G 0 0 0 0 0 I 0 0 5 0 0 O 0 0 0 
O 0 8 0 0 N 0 0 P 0 0 J 0 0 F E 0 C 0 1 0 0 0 0 H 
6 0 0 0 0 C L 0 0 0 A 1 0 2 0 0 8 0 B 0 G 0 0 0 0 
0 0 0 0 I 3 0 0 F B H E 0 8 L 0 N 0 0 0 0 0 J 0 0 
0 0 0 0 5 0 0 0 0 0 4 D 0 C K 0 0 0 0 0 0 0 0 P 0 
0 0 K B L 0 0 0 5 0 N 0 0 0 0 0 G 0 0 0 3 0 0 0 0 
0 0 0 C 0 0 8 0 H 0 0 P 0 0 9 0 0 B 0 0 K 0 N 0 0 
D 0 2 0 0 0 0 N 0 0 0 0 0 M 0 0 0 0 0 0 O 0 0 0 0 
1 0 0 0 J 0 6 0 0 4 0 0 B G O 0 M 0 0 0 0 7 0 0 0 
0 0 0 H P 0 0 I D 0 0 0 E 0 0 0 0 0 0 0 A 0 0 0 0 
0 0 0 0 0 E 0 0 9 0 0 0 0 0 N 0 0 0 0 0 0 0 0 4 0 
0 G 0 0 0 0 0 0 0 0 I 0 L 1 0 0 0 0 6 0 0 0 F 0 5 
0 D 0 0 0 G E 5 0 0 0 0 0 0 0 7 I 0 0 0 0 0 0 2 0 
0 0 J 0 C 0 0 8 6 0 0 0 M F 0 K 0 0 H 9 1 0 0 0 0 
5 0 L 0 B 0 A 2 0 7 0 4 0 0 0 0 C 1 0 0 0 0 0 0 P 
0 3 0 0 0 0 0 9 0 1 0 0 0 P A 0 J 0 2 0 0 0 0 C I 
