5 5
0 E 0 L F 0 0 0 0 0 0 0 0 0 0 0 0 0 0 M 0 C 0 0 8 
8 0 0 0 0 A 0 0 I 0 3 B 0 0 H 0 0 0 0 0 0 0 0 0 K 
0 0 0 0 0 0 0 0 C 0 K 0 F 2 M 0 0 L 0 0 0 0 O 0 0 
0 0 N 0 9 6 O 0 0 0 C 0 0 0 G 0 5 0 D 0 0 0 0 0 L 
K 4 I 5 G 0 0 0 0 0 0 0 0 0 8 0 0 A F 0 J 0 M H 0 
0 L 0 0 K 0 0 5 4 0 H 0 0 P 2 0 0 0 0 C 0 0 0 0 0 
0 0 0 0 0 9 F 0 H 0 0 0 N 3 L 0 0 0 B 0 P 0 6 0 G 
0 0 0 B P 0 0 0 0 L 0 8 0 0 J 0 0 0 I G N 0 0 0 0 
6 9 0 0 C 0 0 0 M O D 0 0 G B 0 0 0 0 A K 0 H 0 0 
0 0 0 0 0 0 0 0 0 A 0 0 0 0 0 0 0 N 0 5 L 0 B 9 0 
0 0 H 0 0 0 A 0 O 3 0 N 0 0 0 M 0 0 0 0 0 P 0 0 0 
0 0 K I 0 0 M 0 0 0 0 0 0 0 P 5 N 0 G H 0 7 0 4 9 
0 2 0 0 0 N 0 0 0 E 0 0 M 1 5 0 0 F 0 0 0 K 0 L 0 
0 5 0 4 0 B 0 0 0 0 J 0 0 0 0 0 0 0 0 0 0 0 0 0 F 
0 0 0 0 0 0 0 4 P 0 0 I O 0 0 0 0 0 0 0 0 E D 0 0 
0 B P O 0 0 0 9 1 0 E A 7 0 0 G D K 0 J 0 0 0 C 0 
M 0 7 2 0 0 0 D 0 0 0 5 J 0 0 0 0 0 0 0 0 1 0 0 0 
0 0 0 0 0 4 0 F 0 H 0 0 0 0 0 0 O C 0 0 0 0 0 0 0 
0 0 J C 0 0 B 0 0 0 6 4 0 0 0 0 0 0 0 0 0 H 0 D 0 
0 0 0 A 0 5 0 0 0 N 0 0 0 0 0 H 0 2 0 0 B 0 L M 0 
0 P 0 D 0 0 0 0 0 0 5 0 B C 0 0 0 J 0 3 E 0 0 8 0 
0 C 4 0 1 P 3 0 0 0 0 0 0 0 0 0 0 0 0 0 I M 0 0 B 
0 0 0 0 5 0 0 0 0 J 0 0 L 0 0 0 0 E 0 0 0 F G 3 0 
O 0 0 0 0 0 0 G 2 0 0 0 0 0 9 N 0 0 0 6 0 0 0 J C 
0 8 9 0 J 0 0 0 6 0 4 0 0 0 0 0 0 0 0 F 0 2 0 0 0 
